Total score is estimated a 97
The value of Trained W:
               GPA     TOEIC     Award      Etc.
Trained W  1.12372  0.040333  0.397985  0.405466

The value Trained b: 0.384301

Best epoch: 10000000 (idx: 13)
Best lr: 0.00000100 (idx: 4)
Best cost (minimize is the best): 2.149281

가로
e[  1,          10,          50,         100,         500,        1000,        5000,        10000, 50000, 100000, 500000, 1000000, 5000000, 10000000]

[[700.         700.         700.         700.         700.         700.         700.         700. 700. 700. 700. 700. 700. 700. ]
 [700.         700.         700.         700.         700.         700.         700.         700. 700. 700. 700. 700. 700. 700. ]
 [700.         700.         700.         700.         700.         700.         700.         700. 700. 700. 700. 700. 700. 700. ]
 [700.         700.         700.         700.         700.         700.         700.         700. 700. 700. 700. 700. 700. 700. ]
 [700.         256.75320435 217.13139343 155.83555603  33.41889954 5.37502527   2.44372177   2.43223906   2.42431808   2.4091897 2.34575748   2.26384664   2.16535687   2.14928102]
 [700.         261.1098938  240.08366394 203.13717651  89.95059204 21.32898521   2.80012918   2.43520069   2.42956543   2.42172027 2.38587785   2.32955813   2.20265865   2.17291546]
 [700.         700.         260.23571777 251.63739014 212.86004639 152.85549927  32.91127014   5.3498373    2.44371772   2.4322722 2.42434216   2.40971112   2.35180378   2.27148223]
 [700.         700.         265.69787598 258.49182129 237.69154358 201.13967896  89.1357193   21.186409     2.79892373   2.43535113 2.42964482   2.42179918   2.38846707   2.32819653]
 [700.         700.         700.         380.28039551 259.71154785 251.13201904 212.43875122 152.56259155  32.86270142   5.34764194 2.44564223   2.43602467   2.42825961   2.41063833]
 [700.         700.         700.         700.         264.26916504 258.23156738 237.45423889 200.94262695  89.05764771  21.17472458 2.79525781   2.44839954   2.44440365   2.4333775 ]
 [700.         700.         700.         700.         700.         366.34069824 259.65917969 251.08172607 212.39894104 152.53497314 32.8875351    5.43025732   2.7120533    2.7120533 ]
 [700.         700.         700.         700.         700.         700.         264.15905762 258.20523071 237.44360352 200.92863464 89.06712341  21.29254723   3.1089468    3.1089468 ]
 [700.         700.         700.         700.         700.         700.         700.         365.04876709 259.65286255 251.08506775 212.51721191 153.20761108  32.7354393   17.04821777]]

세로
lr [0.000005, 0.000004, 0.000003, 0.000002, 0.000001, 0.0000005, 0.0000001, 0.00000005, 0.00000001, 0.000000005, 0.000000001, 0.0000000005, 0.0000000001]





Best epoch: 10000000 (idx: 13)
Best lr: 0.00000160 (idx: 3)
Best cost (minimize is the best): 2.128251


[[700.         700.         700.         700.         700.
  700.         700.         700.         700.         700.
  700.         700.         700.         700.        ]
 [700.         700.         700.         700.         700.
  700.         700.         700.         700.         700.
  700.         700.         700.         700.        ]
 [700.         700.         700.         700.         700.
  700.         700.          49.66653061   2.41815686   2.39485455
    2.30673075   2.21791387   2.1540544    2.12838936]
 [700.         700.         700.         700.         700.
  502.13830566   2.65359378   2.43063593   2.41813135   2.39484835
    2.30682659   2.21811771   2.15421057   2.12825084]
 [700.         700.         700.         700.         700.
   65.8035202    2.43339705   2.43064046   2.4181366    2.39487958
    2.30686402   2.21811295   2.1545155    2.12852073]
 [700.         700.         700.         700.         461.50167847
   11.0532999    2.43333292   2.43063283   2.41814518   2.39490104
    2.30686545   2.21815157   2.15455604   2.12858152]
 [700.         700.         700.         700.         209.15733337
    4.19308424   2.43333721   2.43063951   2.41814494   2.39489698
    2.3069005    2.21819353   2.15458965   2.12861156]]