tensor([0.0000, 0.2618, 0.5236, 0.7854, 1.0472, 1.3090, 1.5708, 1.8326, 2.0944,
        2.3562, 2.6180, 2.8798, 3.1416, 3.4034, 3.6652, 3.9270, 4.1888, 4.4506,
        4.7124, 4.9742, 5.2360, 5.4978, 5.7596, 6.0214, 6.2832],
       requires_grad=True)
torch.Size([25])
tensor([ 0.0000e+00,  2.5882e-01,  5.0000e-01,  7.0711e-01,  8.6603e-01,
         9.6593e-01,  1.0000e+00,  9.6593e-01,  8.6603e-01,  7.0711e-01,
         5.0000e-01,  2.5882e-01, -8.7423e-08, -2.5882e-01, -5.0000e-01,
        -7.0711e-01, -8.6603e-01, -9.6593e-01, -1.0000e+00, -9.6593e-01,
        -8.6603e-01, -7.0711e-01, -5.0000e-01, -2.5882e-01,  1.7485e-07],
       grad_fn=<SinBackward0>)
torch.Size([25])
tensor([ 0.0000e+00,  5.1764e-01,  1.0000e+00,  1.4142e+00,  1.7321e+00,
         1.9319e+00,  2.0000e+00,  1.9319e+00,  1.7321e+00,  1.4142e+00,
         1.0000e+00,  5.1764e-01, -1.7485e-07, -5.1764e-01, -1.0000e+00,
        -1.4142e+00, -1.7321e+00, -1.9319e+00, -2.0000e+00, -1.9319e+00,
        -1.7321e+00, -1.4142e+00, -1.0000e+00, -5.1764e-01,  3.4969e-07],
       grad_fn=<MulBackward0>)
tensor([ 1.0000e+00,  1.5176e+00,  2.0000e+00,  2.4142e+00,  2.7321e+00,
         2.9319e+00,  3.0000e+00,  2.9319e+00,  2.7321e+00,  2.4142e+00,
         2.0000e+00,  1.5176e+00,  1.0000e+00,  4.8236e-01, -3.5763e-07,
        -4.1421e-01, -7.3205e-01, -9.3185e-01, -1.0000e+00, -9.3185e-01,
        -7.3205e-01, -4.1421e-01,  4.7684e-07,  4.8236e-01,  1.0000e+00],
       grad_fn=<AddBackward0>)
tensor(25., grad_fn=<SumBackward0>)

d:
<AddBackward0 object at 0x12fe17160>
((<MulBackward0 object at 0x12fe17190>, 0), (None, 0))
((<SinBackward0 object at 0x12fe17190>, 0), (None, 0))
((<AccumulateGrad object at 0x12fe17160>, 0),)
()

c:
<MulBackward0 object at 0x12fe17190>

b:
<SinBackward0 object at 0x12fe17190>

a:
None
